5.790222
6.834520
7.170368
6.691263
6.696810
6.205294
5.946417
6.413821
6.784864
6.399876
6.140628
6.663338
6.888795
5.912836
5.933049
6.331671
6.309057
6.172967
6.220493
6.038930
6.543970
5.919680
6.519330
6.302862
6.139971
6.821122
6.877127
6.008095
6.115721
6.970282
6.627249
6.680706
6.061274
6.989471
6.003041
6.219393
6.251215
7.496020
6.944520
6.502749
6.218159
6.422157
6.176529
5.278427
6.270769
5.807633
6.270086
6.148404
6.677801
6.055991
6.538783
5.385335
5.532717
6.261216
5.652000
5.611032
5.383960
6.006086
6.300912
6.152865
5.615605
5.663835
6.087798
5.413927
5.546667
5.546231
5.850801
5.785389
6.040358
5.462000
5.629989
5.802609
5.843236
6.013236
6.092060
5.924543
5.688631
5.416055
6.576155
5.672991
5.957106
6.480162
5.873124
6.474132
6.024192
5.817215
6.005124
5.692461
5.916093
5.937424
5.690558
5.641983
5.572090
6.401640
5.499441
5.318731
5.599307
5.693056
5.661656
6.807149
5.657621
6.430509
6.552869
5.349008
6.466991
5.450633
5.191393
5.421489
5.970558
5.361867
6.272595
5.599841
5.481243
5.471648
6.734529
6.115387
6.812151
6.932992
6.155552
7.204161
6.571430
5.489209
6.608587
5.730786
5.630132
6.344848
6.811139
5.649173
5.564868
5.450912
5.409431
5.747653
5.408241
5.572021
6.008143
5.845963
5.628907
5.620810
6.415073
5.766069
5.390128
5.372362
6.018585
6.337084
5.882773
5.184507
5.475382
5.593798
6.294427
6.580159
5.630383
6.083169
5.627268
5.580871
5.227457
5.436172
5.294699
6.159418
5.956342
6.156187
5.522674
6.030077
5.813764
5.830363
5.354360
6.690572
6.355409
5.643080
5.028382
5.412972
6.125038
5.943053
5.816886
5.874011
5.809631
6.395197
5.921741
6.086440
5.351243
5.909196
5.676354
5.746027
5.619666
6.253768
6.507475
6.230126
5.715832
5.515276
6.023414
6.119746
6.662518
5.720167
5.637458
5.680513
5.802092
5.490556
5.737982
5.433839
6.220703
5.906576
6.470833
5.723663
5.967307
5.730627
5.637092
6.132966
5.567948
6.373944
5.811016
5.625804
5.656180
7.271188
5.842541
6.488995
5.672790
7.121277
7.433581
6.511494
5.963421
6.415090
6.263882
6.286021
5.974719
7.535790
6.600117
6.169433
6.711680
6.407821
5.976452
6.558960
6.842628
6.531315
5.546591
6.438414
5.932908
6.447767
6.726712
5.841089
5.264446
6.721871
5.049967
6.180058
6.458439
6.629816
5.715154
6.043658
5.897743
6.339102
6.219510
6.331375
6.357728
6.084239
5.802180
6.682776
6.528694
6.042122
6.077245
6.768679
5.621184
6.378391
5.956944
5.816635
6.140608
5.872204
5.729553
7.032535
5.597399
5.967339
5.733315
5.970343
6.365658
6.562352
7.375766
6.540939
6.994408
6.815359
6.579086
6.824609
6.298787
6.439790
6.726772
6.726897
7.116696
7.311590
7.335919
6.588608
7.280671
6.275092
6.950734
6.366336
6.280908
6.386351
7.255609
6.955935
7.221477
6.478573
6.195887
7.131752
7.216226
6.948964
6.179341
6.114699
6.866821
6.913951
7.003551
6.961562
6.177587
6.142237
6.993639
7.215458
7.261179
6.235431
6.751232
7.165540
6.627586
6.558755
6.762957
7.107648
6.260737
6.107269
6.247731
6.510616
6.055423
6.265054
7.745964
6.268772
6.786949
